N:
2
Число вершин:
9
Число треугольников:
8
Число рёбер:
16

Вершины:
0 3.000000e+00 5.000000e+00
1 6.500000e+00 5.000000e+00
2 1.000000e+01 5.000000e+00
3 3.000000e+00 6.000000e+00
4 6.500000e+00 6.000000e+00
5 1.000000e+01 6.000000e+00
6 3.000000e+00 7.000000e+00
7 6.500000e+00 7.000000e+00
8 1.000000e+01 7.000000e+00

Треугольники:
0 0 3 1
1 4 3 1
2 1 4 2
3 5 4 2
4 3 6 4
5 7 6 4
6 4 7 5
7 8 7 5

Рёбра:
0 0 1
1 0 3
2 3 1
3 1 2
4 1 4
5 4 2
6 3 4
7 3 6
8 6 4
9 4 5
10 4 7
11 7 5
12 2 5
13 5 8
14 6 7
15 7 8
